-86.446924 -8.817478 3.649405 -2.453019 -0.533088 3.503986 -3.424625 -0.798992 1.501861 2.651772 -1.389818 -0.261172 0.074090 -0.597373 -0.371019 1.915723 -0.910258 1.743521 -0.935456 -0.850801 -0.121165 -0.148420 0.719497 0.476519 0.203660 0.168751 -0.216579 -0.341465 0.057195 -0.042386 0.345400 -0.055675 -0.253452 0.029921 -0.029087 -0.217933 -0.188997 0.238175 0.022546 0.200158 -0.061424 0.129558 -0.120311 0.106462 0.191645 0.086638 -0.004501 0.018210 -0.083883 -0.121559
-97.633038 -8.570591 17.218658 -1.153034 -4.060559 1.310986 -0.250825 -2.381290 5.927690 0.929712 0.800512 -0.650548 0.720052 -1.199370 0.317100 2.918241 0.818625 0.975374 0.118547 -0.959322 0.593983 0.439192 0.063941 0.428273 -0.223641 -0.498745 0.127840 -0.204688 -0.180842 0.218500 -0.178163 0.199378 0.349934 -0.080801 0.233721 -0.057144 -0.077443 -0.042570 0.110725 0.071964 0.054406 -0.087047 0.148261 0.005558 0.130436 0.093905 0.310533 0.149052 -0.152044 -0.062180
-102.796425 -12.532583 11.568332 -3.874036 -4.241444 1.265613 -1.352708 -1.608039 6.166235 0.799852 0.879680 0.560124 1.963599 -0.025353 -0.143920 1.344566 0.195224 0.971112 -0.905285 0.156450 0.149764 1.147739 0.384826 0.078451 0.001044 -0.433305 0.471870 -0.233496 0.151803 0.152100 0.186841 0.117244 0.152072 -0.282022 0.299369 0.360504 -0.191084 0.090171 0.029188 -0.101654 0.007066 -0.277688 -0.080771 0.060594 0.004115 -0.032070 0.155158 -0.147594 -0.108030 0.026136
-69.577393 -7.577046 24.935935 7.713976 -7.082740 0.731791 7.027346 -6.612897 3.677233 1.604344 -3.813303 -1.908908 -2.026736 -1.660253 0.885587 0.420446 -1.309815 -0.178421 -0.248638 -1.140067 0.535458 0.458935 -0.000439 0.105273 -0.123853 0.635491 -0.148054 0.262551 -0.113793 -0.286713 -0.245167 0.410208 0.328389 0.207603 -0.091007 0.023661 -0.172721 -0.099314 0.102031 0.003856 -0.241964 0.072597 0.145004 -0.109000 0.094216 0.235674 -0.099136 0.083469 -0.000436 0.233516
-108.247135 -9.835632 -4.790178 -12.983747 -13.668561 -4.155859 0.434968 -6.575270 0.472306 -0.070457 -4.022670 1.839744 -1.324082 1.121576 -2.386976 -1.782939 -0.508701 3.580593 -0.992398 -0.700336 0.739529 0.952797 0.996154 0.813174 -0.564387 0.076205 0.224303 0.257637 -0.151002 0.035084 -0.044331 -0.355061 -0.460493 0.089690 0.258989 0.544234 -0.014046 0.044730 0.188848 0.087090 -0.064594 -0.038070 0.244049 -0.136705 -0.089052 -0.106528 -0.260194 0.105741 0.145202 -0.089779
-79.170408 -9.770445 21.106609 3.528221 -3.226561 5.756323 3.269887 -3.848757 0.457097 3.003562 -3.244380 0.975056 1.258221 -2.096703 -0.456939 0.597354 1.297645 1.000905 -1.600136 0.859520 -0.150015 0.851321 -0.090105 -0.296321 0.002852 0.181407 -0.358724 0.164818 0.035671 0.080223 0.083999 -0.101514 0.107573 -0.021449 0.061974 -0.052821 0.034989 -0.095501 0.144886 -0.149734 -0.016286 0.180150 -0.038533 0.182075 -0.139454 0.096489 0.046181 -0.008564 0.022321 0.045854
-87.887664 -6.074512 13.628565 0.709233 -5.056063 4.896024 3.213449 -6.713793 -0.677080 0.031992 -4.051538 3.503239 2.789660 -1.356963 -0.270338 -1.568909 2.727404 0.271359 -0.594795 1.247893 0.214810 0.191707 -0.375540 -0.467151 0.062303 0.505175 -0.603652 0.318630 0.020884 -0.670050 -0.345761 -0.229392 0.013958 0.363639 0.414607 0.023162 -0.104005 -0.048720 -0.137892 -0.103781 -0.029738 0.021054 -0.335300 -0.114538 -0.115939 0.088922 -0.081822 -0.130013 0.150116 -0.072441
-74.028806 -6.792466 37.210727 16.390255 0.487716 7.366443 5.744766 -3.161186 5.998574 -1.293760 -0.323251 -1.246775 -0.833958 -2.947920 2.967936 1.535969 0.350913 0.011515 -0.180654 0.426050 0.840752 -0.158534 -0.951432 0.401229 -0.296224 0.054018 -0.325325 -0.091701 0.243897 -0.303365 -0.018162 0.354065 0.239365 0.413125 0.174774 -0.105822 -0.051797 -0.158871 0.153452 0.029741 0.089677 -0.017619 0.077569 -0.174892 -0.127827 -0.068999 0.122443 0.147713 0.060081 -0.067779
-92.270045 -9.350317 10.412882 -6.062719 -2.540086 0.867996 -0.038976 -0.714267 2.641667 1.524849 0.107430 0.737997 0.659950 0.468436 -0.112628 1.319881 -0.128114 1.662706 -2.398706 1.497237 -0.007672 1.238008 0.490298 -0.027219 -0.052221 -0.599896 -0.465113 0.452958 -0.100551 0.245966 -0.024181 0.006154 0.137973 -0.648457 -0.253852 -0.118028 0.133593 -0.069278 -0.029079 -0.183807 -0.139814 -0.109260 -0.105189 -0.005393 0.057755 -0.050204 -0.036453 -0.051103 0.023014 -0.043049
-93.553450 -6.401123 5.113448 -4.973640 -4.119951 -0.652523 -1.913301 -3.522837 4.106182 1.448366 -0.012839 -0.248744 -0.444202 0.555812 1.148146 2.561077 -0.101517 0.693902 -1.018632 0.017219 0.355769 0.418063 1.018918 -0.010994 0.290150 -0.236077 0.120889 -0.072523 0.179171 -0.347816 0.064144 0.243704 0.185653 -0.140651 -0.011474 -0.001787 0.041164 0.136441 -0.200359 0.274709 -0.119111 0.038254 -0.052663 -0.014148 0.037552 0.036362 -0.037263 -0.214182 -0.051913 -0.088693
-119.749950 -10.404389 25.960724 -5.150629 -7.938252 -3.607430 -0.251322 2.195621 -1.454330 2.071418 -0.303016 0.006604 -1.708140 -1.050012 -0.085827 -0.238440 0.479933 0.300074 0.941410 0.601681 -0.680556 -0.658629 -0.350977 -0.267051 -0.391705 -0.480440 0.792635 0.393893 0.012900 0.457188 -0.295697 -0.053884 0.260442 0.274926 -0.324006 0.402927 0.269064 0.131921 -0.203237 0.088930 0.274734 0.007043 -0.240499 0.068085 0.041971 0.095200 -0.163672 0.076482 -0.217175 -0.081307
-89.341062 -3.065190 6.208925 -3.443986 1.284987 -0.999240 -7.101902 -1.487106 -2.629844 2.038949 -0.465039 3.822287 -0.594524 0.124508 0.345951 0.570516 0.175367 1.123274 -0.221292 0.620379 -0.541285 0.121220 -0.287737 -0.009496 0.225169 -0.125179 -0.207881 -0.194179 -0.424253 -0.166097 -0.125104 -0.018579 -0.070884 0.114724 -0.099059 -0.304867 0.133907 -0.078583 -0.151742 0.060228 -0.174821 0.079535 0.078504 0.300566 0.068610 0.049779 0.039166 -0.018827 0.100808 -0.073000
-98.194870 -12.349953 22.706488 1.047661 -2.029803 -0.052020 -4.906658 1.908162 4.094128 1.432183 2.463999 1.052745 1.282174 0.038137 0.215989 0.566553 0.747225 0.009156 0.459840 0.182514 -0.154882 -0.053194 -0.693538 -0.181494 0.012475 -0.299774 0.098192 0.378606 -0.275818 0.095548 0.638660 0.229824 0.006807 0.196686 -0.156357 0.095870 0.161193 0.025534 -0.217375 -0.111817 -0.212487 0.029913 0.224347 -0.086573 0.020124 -0.226078 0.083508 0.092325 0.177969 0.064578
-131.893941 -0.668349 12.430624 -24.666009 -12.978487 -13.877136 8.022376 -2.882783 -1.926498 -1.362247 0.115409 0.664489 -3.434714 -2.348423 0.173305 -1.002650 -1.032973 -0.924379 0.390201 -1.229446 -1.700057 -1.320263 0.986122 -0.435820 0.034127 -0.583238 0.804065 0.926881 0.587204 -0.060239 -0.209552 -0.619240 -0.367376 -0.076578 0.734672 -0.273670 0.115377 -0.135123 -0.198522 0.000011 -0.145648 -0.215962 0.046608 -0.021131 0.006634 -0.103489 0.153521 -0.031987 -0.107262 0.142354
-96.623355 -16.326730 30.676195 2.240931 -2.007583 1.348613 -3.251736 4.096598 -6.033261 2.957632 0.665233 -0.624480 -2.128718 -3.730045 -0.117175 0.038787 0.455084 -0.138464 -0.068812 -0.227350 -0.314864 -0.264480 -0.534105 -0.173752 0.125209 0.567474 0.132111 -0.046428 0.296448 0.436537 0.022472 0.213296 -0.106003 0.174197 -0.525136 0.054717 0.135005 -0.240344 -0.300799 0.050268 0.055050 0.109527 -0.037975 -0.103677 -0.038819 -0.027067 -0.104919 0.045339 -0.082479 0.010939
-103.816475 -1.032219 17.221204 -4.689694 -2.112954 -6.830652 -3.694660 -1.319455 -0.358806 2.222713 0.007739 0.760670 -2.002623 -0.465194 0.992170 0.021409 1.009980 -0.076550 -0.010641 0.723692 -0.269301 -0.081940 -0.445483 -0.353594 -0.218272 -0.060931 0.169767 0.076424 -0.212711 0.268851 0.238058 -0.130145 -0.219517 0.079140 -0.028310 -0.244930 0.048944 -0.137946 0.090103 -0.294641 -0.011105 0.037786 0.170374 0.179817 0.011574 -0.016407 0.179885 -0.135386 0.058693 -0.049641
-112.472736 -12.893168 24.475054 -1.394041 -5.992963 0.466555 -4.267175 4.328548 -1.383531 1.943274 -0.508398 -0.463244 -0.455574 -0.364287 -1.029014 -1.736235 0.709864 0.414192 0.806938 -0.259408 -0.034985 -0.841000 -0.461346 -1.023602 0.311267 -0.588773 0.109052 -0.357082 -0.016288 0.276154 -0.217282 -0.017247 -0.291127 0.785451 -0.150959 0.066492 -0.154994 0.200368 0.136564 0.076454 0.125777 -0.172941 -0.016600 0.183461 0.016980 0.016149 0.022218 -0.132560 0.124105 0.023975
-113.295292 -10.800704 2.872440 -7.126265 -0.584212 -5.042295 -8.092963 1.278211 -3.186002 2.456240 -2.162906 1.267132 -1.357583 1.713004 -0.869415 -1.220572 -0.169321 1.031601 -0.590918 0.390561 0.179261 -0.105352 -0.376732 0.144994 0.221878 -0.135349 0.161527 0.152253 0.440200 0.335119 -0.059026 0.500086 -0.037335 -0.029069 -0.404723 0.363809 0.013826 0.128713 -0.200011 0.051592 0.472756 -0.137924 -0.263148 -0.144907 -0.034014 0.117553 0.060683 0.154206 -0.024945 0.024290
-105.964917 -4.162896 7.273831 -3.578188 2.558048 -9.228524 -5.863495 -1.169427 1.084596 0.282376 -2.216230 2.263194 -1.505813 1.821168 -1.264455 -3.006638 -0.014751 0.917973 0.827395 -0.604237 0.328278 -0.617119 -1.550218 -0.485995 0.058670 -0.251559 0.449340 -0.017529 0.074186 0.246793 -0.003575 0.629410 -0.142819 -0.781695 -0.008585 -0.249130 -0.251448 -0.306977 0.277758 -0.086603 -0.152992 0.302070 0.117236 -0.065085 0.034138 0.025804 -0.120143 -0.090475 -0.008935 0.022884
-112.704849 -0.234604 13.390091 0.260085 3.566509 -5.178132 -9.129039 -0.886677 8.122312 -0.522855 5.470358 4.695392 1.367072 1.360273 -0.843704 -0.188354 0.044159 -1.537775 0.137611 0.574146 0.846159 -1.466568 -0.795736 -0.483416 -0.223458 -0.210902 -0.533193 0.038271 0.006111 -0.251847 -0.095684 -0.164935 -0.118857 -0.536180 0.288800 -0.253242 -0.012182 0.455968 0.305213 0.102149 0.125685 -0.244861 -0.074158 -0.012182 0.101511 0.180619 -0.140773 0.198306 -0.000391 -0.051088
0.468119 21.372817 -18.263880 -8.341898 6.252106 -5.618323 3.675087 -3.321412 3.537390 -0.333520 1.975265 -0.681432 -2.002692 3.306413 4.767035 -0.000987 0.746222 1.149355 0.016150 -0.012547 -0.666495 -0.454744 -0.526426 -0.380641 -0.119690 0.102937 0.367790 -0.658926 0.038298 -0.276754 -0.046817 -0.290240 0.080785 0.241878 -0.109601 -0.005985 -0.249755 0.081479 -0.066651 -0.007977 -0.019586 0.011447 -0.079708 -0.024994 -0.027926 0.136014 0.125580 -0.074265 -0.068303 -0.012392
-18.516405 12.287819 31.389297 -11.272015 5.472457 2.198726 -1.936453 6.967318 -1.322716 -0.477641 2.757673 0.009838 1.253769 -0.025355 0.696574 -0.631355 -2.409690 0.724981 2.153622 0.893111 -1.346469 1.949915 -0.778413 0.424508 -0.179530 1.399056 0.200199 0.061198 0.980363 -0.300660 -0.160545 -0.184215 -0.099230 -0.277100 -0.118315 -0.311760 0.474573 0.064343 0.158853 -0.061093 -0.103157 -0.173983 0.061744 0.073948 -0.026721 0.063105 -0.046320 0.041990 -0.033132 0.070701
-21.568464 18.394773 -7.753840 -17.826313 11.267106 -3.266503 0.722052 1.077295 -3.180680 1.144867 1.543627 2.357283 1.006724 0.258696 1.444186 0.503585 -0.830740 0.464252 0.226330 -0.129875 -1.403478 0.549621 -0.172300 -0.161919 -0.492952 1.074496 0.360465 -0.369734 -0.687424 0.088016 0.352293 0.009428 -0.004573 0.239100 0.299819 -0.011997 0.080733 -0.035051 0.035009 0.254290 -0.045131 0.079896 -0.150922 -0.017238 0.126323 0.062820 0.025126 -0.076081 -0.023566 0.020859
-54.885080 14.257405 -12.609492 -3.347314 11.141384 6.009064 2.496019 -0.883547 -1.357505 -1.679736 -1.192742 -1.640483 0.732114 -0.728343 -0.211103 2.329960 0.885337 0.397574 0.260277 1.074255 -0.540303 -1.156787 -0.076956 0.249161 -0.143493 -0.426245 -0.219196 -0.450486 -0.105705 0.585404 -0.040276 0.059042 -0.056325 0.043813 0.324489 -0.156650 -0.178585 0.100971 -0.133779 0.016153 0.062348 -0.014665 0.128325 0.163521 -0.163474 0.024134 -0.179963 0.136646 -0.001441 -0.097237
-58.544790 -24.362913 -16.278056 2.753294 8.395446 3.709722 3.683839 7.506990 -0.537261 -0.205793 -1.906064 -4.256950 0.589278 1.561686 -0.738410 -1.444085 -0.100106 1.117338 -1.300424 0.345250 -0.975131 -1.430988 -1.180792 1.105419 0.151185 -0.458682 -0.670981 0.092779 0.657420 0.026099 -0.005859 0.040283 0.303107 0.017716 0.073314 0.076502 -0.104221 -0.107005 -0.214473 -0.179660 -0.204122 0.002469 0.075229 0.054680 -0.052823 0.110992 -0.000698 -0.057191 0.059372 0.007326
-58.375529 -14.530660 -17.780913 -2.050344 9.144780 0.951703 1.824590 2.679994 -6.626373 -0.630292 -2.684757 -2.069742 -1.635222 -0.291807 -2.913896 1.373092 -0.566480 0.614081 1.488592 -2.118979 0.210307 -0.932659 0.075368 0.282957 -0.034289 0.027497 -0.286570 0.231031 -0.233473 -0.035140 -0.069365 0.434457 0.172956 -0.109126 -0.055747 -0.272302 0.246813 0.433329 0.096437 -0.013243 -0.118865 -0.114932 0.024095 0.079289 -0.164292 0.088450 0.039874 -0.010985 0.130878 -0.005415
-90.107666 -6.657269 -14.701224 -9.601504 7.384173 -7.470147 4.986978 -0.367099 -1.452141 0.630322 0.046547 -1.187564 1.087310 2.844297 -1.098498 2.720749 2.626648 -1.482172 0.080257 -0.613206 -0.476786 -0.436760 -0.414513 0.063217 0.753592 0.967769 -0.195286 0.141993 -0.224982 0.389353 -0.311158 0.297391 -0.141042 -0.061940 0.255317 0.489457 -0.288934 -0.056382 -0.061542 -0.219169 0.075490 0.157728 0.052255 -0.033707 0.131892 -0.094302 -0.009563 0.007022 -0.000010 0.168483
3.548880 -10.303232 -19.492642 -1.588568 14.369646 4.281115 2.272612 1.913508 -1.217625 -4.982168 -0.276221 2.625379 1.762452 0.864651 2.458072 -2.744007 -1.272632 1.927367 -0.908004 -0.109618 -1.797982 -0.366657 -0.635646 -0.273285 -1.029146 0.006096 -0.187400 0.024181 -0.171397 -0.386678 0.076881 0.479151 0.079381 0.067559 0.101797 0.129918 -0.208556 -0.188369 0.130438 0.115363 0.164283 -0.093457 -0.170805 -0.009284 -0.100117 -0.141402 0.093057 0.027815 -0.098022 0.022956
-79.537293 -5.144202 -15.266705 -13.696698 1.951338 -4.656337 5.270551 1.072141 -2.665616 0.603842 -2.063768 -4.253825 -0.619997 2.381405 0.375117 1.944073 1.753404 0.794225 -0.619274 1.231973 -0.582057 -0.150268 -0.032322 0.272078 0.322935 -0.185180 -0.276504 -0.461378 0.224417 0.490832 0.218822 -0.369919 0.254278 -0.120282 0.102836 -0.290674 0.168634 -0.029472 0.031652 -0.081773 0.073408 -0.217780 0.239424 -0.076288 -0.012997 -0.024681 -0.244466 -0.031024 -0.097693 0.053985
-39.273698 59.498480 32.455212 -20.441441 14.153816 -3.736838 8.261133 3.730235 -0.876063 -9.277932 1.383293 0.178349 -0.464958 0.947943 -1.339822 -2.037740 0.004328 2.248852 0.268325 0.006382 3.738979 -0.377127 0.286070 0.313553 0.539487 0.549472 -0.246867 -0.861741 0.728910 -0.029844 0.259992 -0.006016 0.208702 0.222576 0.297482 0.141252 0.253600 -0.019365 -0.125718 -0.118060 -0.001083 0.228989 -0.112253 0.049119 0.147676 -0.159574 -0.015534 0.001400 -0.135352 0.038429
101.477271 20.035592 17.677575 3.717964 0.153308 20.038863 11.367757 -3.069815 3.073066 4.341510 -4.576439 0.507876 4.659162 -0.189828 0.956123 -1.940090 -0.880011 0.227627 -1.026812 -0.729009 -0.758022 -1.475883 1.308788 -0.297381 0.857172 0.591986 -0.140506 0.402633 0.345683 0.239504 0.002700 0.280969 -0.154685 -0.211838 -0.221204 0.018398 0.214788 0.131920 0.322235 0.068315 0.166287 0.015447 0.018023 0.265254 0.060464 -0.186489 0.034285 -0.032580 -0.055773 0.074355
60.628848 33.557476 22.667719 9.012034 0.765118 12.557364 6.645477 1.196703 5.841069 2.048527 -4.229813 -1.692443 -0.508632 3.798343 -2.009870 -2.648530 -0.967471 -0.826116 -0.958702 -0.889555 -1.055841 0.506791 0.119561 -0.856321 0.533694 -0.229553 0.302206 -0.285907 -0.592509 -0.289536 -0.085803 -0.009447 -0.086512 0.083735 0.120699 -0.336017 0.150295 0.253330 -0.119986 -0.177488 0.298110 0.093996 0.118296 -0.231608 0.165531 0.013122 0.082954 0.030080 -0.093476 -0.108533
114.259041 2.007719 -2.929312 -3.464677 25.736606 -14.068162 4.324619 6.788560 7.811860 6.484608 -1.980520 3.235171 1.376623 -2.236750 3.741103 -0.603951 -0.088161 -1.305485 -0.170095 -0.894100 1.828796 -0.255779 0.083921 0.585399 0.234310 -0.209039 0.020708 0.703094 0.026345 0.214987 -0.387416 -0.199008 -0.036291 -0.348190 -0.129308 0.155751 -0.045271 -0.034504 -0.114401 -0.000779 0.105683 -0.084471 0.056003 -0.050414 -0.128630 -0.019110 0.027203 0.022503 0.066679 -0.005811
88.891244 44.314883 -14.257206 -6.516491 -2.225136 23.031663 -8.956097 1.706192 -8.350719 5.931447 3.588578 1.120041 -1.150198 -2.450151 -0.722060 1.172999 0.102792 1.133193 -0.050870 1.145201 0.347879 -0.898574 0.570584 0.275311 0.452580 -0.789651 0.511965 0.199647 0.154309 -0.571410 -0.062583 0.389466 -0.152808 0.175065 0.153137 -0.191621 -0.341589 -0.031113 0.211770 -0.204583 0.047576 0.005468 0.108046 -0.247274 0.040772 -0.109058 -0.038144 -0.020686 -0.116680 0.107600
43.072694 -11.703743 31.607911 17.464729 7.507833 12.599518 2.473881 0.722467 2.880900 -3.596027 2.559854 -1.660868 1.020071 0.318021 1.832821 0.778482 -1.114397 -1.467016 0.529690 -0.742919 -0.065471 0.434676 -0.466698 0.823386 -1.082928 -0.226831 0.323587 -0.232183 -0.042339 0.568229 0.180916 0.083001 -0.022809 0.121193 0.192385 0.100890 -0.022917 -0.060471 -0.218244 0.048177 0.000939 -0.299222 0.052315 0.088778 0.164329 -0.084786 -0.127428 0.000552 0.059347 0.013516
39.385943 25.608494 -11.161419 -1.411441 -15.548336 11.161088 -3.487640 15.085842 13.594409 -0.644966 1.955187 -3.435422 -3.321865 -0.145635 -1.066996 1.182945 1.097190 1.943740 -0.591335 0.349905 -0.074017 -1.129811 0.331087 -0.801408 -0.698412 0.640988 -0.114717 -0.265847 -0.001868 -0.851808 -0.198240 -0.191659 -0.124881 -0.474186 -0.358507 0.147662 -0.109730 -0.297540 -0.078498 0.191224 -0.149713 -0.093689 -0.088749 0.078592 0.007350 0.053948 -0.044010 0.007104 0.043155 0.147856
47.638960 23.832448 31.121896 -14.190210 4.155460 11.913679 16.549164 7.375025 -9.924280 -2.950317 -2.866454 1.930492 0.714486 3.891952 -0.811514 3.014953 -0.403246 -0.282171 1.734223 0.520669 0.947227 1.064910 -0.064779 -0.522540 0.690233 -0.069720 0.655472 0.048061 -0.304267 0.358420 -0.172627 -0.275351 -0.373807 -0.089508 -0.334058 -0.209512 -0.448404 -0.230577 0.159519 0.111743 -0.046702 -0.176517 -0.035966 -0.015094 -0.153529 0.184112 0.061329 0.006860 0.067888 -0.004546
151.896517 16.051027 15.519540 -7.611237 -6.838302 4.031333 -0.986777 4.207815 -5.098127 10.019898 5.320572 -0.312266 -1.508039 2.827170 3.976627 -1.189698 0.611278 0.977066 0.208894 -0.565353 1.181907 -1.238684 0.760332 0.888116 -0.486653 0.577134 0.460853 0.461558 -0.569751 0.372132 0.101997 -0.142404 0.433748 -0.042520 0.219600 -0.014688 0.163661 0.113768 0.209591 -0.092149 -0.095918 0.099221 -0.078589 -0.146654 -0.140618 -0.013591 -0.012157 -0.022104 0.079840 -0.056826
17.244527 43.813162 18.245100 19.430294 12.171511 10.841471 -3.618940 -1.670693 3.518028 3.396551 -0.532313 -2.887213 -3.143263 1.212274 -2.285355 -0.024522 -1.382898 -1.832319 0.010511 0.077745 0.015065 0.032114 -0.796526 1.140498 -0.002914 -0.652031 0.194043 -0.135273 0.042364 -0.039538 0.528114 -0.442185 -0.592827 -0.246090 0.338409 0.242369 0.279639 -0.247776 -0.041547 0.436009 0.084857 0.216415 -0.055108 0.005033 -0.184893 0.080142 -0.010771 -0.111702 0.025749 -0.047057
91.557451 59.160537 -3.519655 -19.064195 11.311886 0.687025 5.757970 5.253560 1.612366 2.815368 0.265833 3.517031 -0.838580 -3.579898 -0.257960 -1.432028 1.400751 -0.944296 -3.194954 -1.540798 -0.288013 0.158581 -0.944970 0.200311 0.429284 -0.018477 0.073974 -0.668915 -0.124452 0.069847 0.036417 -0.543217 0.341266 -0.002531 -0.103628 0.183377 -0.272178 0.186252 -0.020680 0.071923 -0.048626 -0.072202 0.251678 0.160933 0.010772 0.051291 -0.073187 0.057692 0.012716 0.001215
-38.723158 -14.544436 -17.538387 -0.748188 -0.013233 7.462370 2.362428 1.371250 -1.059694 -0.055210 3.430030 -2.190765 0.249028 -0.835741 0.743082 1.258537 0.115251 -0.070131 0.287169 1.606817 0.280169 0.344451 0.224974 0.116086 0.305701 -0.124221 -0.205702 0.512202 0.076399 0.358412 -0.126511 -0.177223 -0.104794 0.181345 0.098348 -0.059343 0.023349 0.161511 -0.020935 0.022092 -0.053408 0.070649 -0.015567 0.005580 -0.009731 0.050126 0.044308 0.060459 -0.067340 -0.059166
-42.089241 4.059920 -20.487088 -6.158922 5.655296 3.963840 3.130357 -0.002755 -1.955296 -0.221179 2.354203 -1.487628 -0.298551 -2.337574 -0.253213 -0.080515 -0.140108 0.619729 -0.338194 0.940961 -0.371337 0.209622 -0.084640 -0.144926 0.085298 0.504261 -0.376422 0.039476 -0.442842 0.535673 -0.221946 -0.157726 -0.270763 0.043396 -0.007374 -0.036879 -0.010610 0.051718 0.094068 -0.014230 0.039537 0.204271 0.023575 -0.135422 -0.054788 0.004799 0.086930 0.068870 -0.064674 -0.026873
-45.102279 -25.696943 -22.851656 2.731338 -2.807451 4.170941 4.243402 2.013327 -3.530599 -0.169790 0.413447 -3.368398 -2.360434 1.189156 0.490938 -1.066076 0.492338 0.319963 -0.473322 -0.282999 0.385192 0.424260 -0.382053 -0.280156 -0.105442 -0.183422 -0.421254 0.383475 0.094343 -0.319597 0.010423 -0.010747 0.095048 0.014230 0.034669 0.138335 -0.065785 0.253023 -0.103533 0.160642 0.025217 -0.094829 0.161856 -0.153214 0.280541 0.017552 -0.029796 -0.062569 0.018293 -0.085293
-37.025216 -40.735993 -22.476013 0.009315 -4.440116 2.129945 8.450234 -0.093091 0.681764 -1.598901 1.843850 -1.579381 1.074716 -0.781844 -0.199989 -2.405363 -0.073614 0.153577 0.542635 -0.520286 0.245340 -0.108976 -0.190217 -0.149151 0.384969 -0.040702 0.479015 -0.292185 -0.253634 -0.333454 0.049927 -0.265301 -0.083991 -0.224788 -0.255462 0.150649 0.125880 0.032845 -0.125166 -0.180575 -0.117266 0.026619 0.020641 0.095454 0.006136 0.070703 0.086321 0.090902 0.000484 -0.121560
-45.884598 -26.047496 -27.007636 1.702157 -0.805643 -0.959753 5.120918 -5.002516 -4.117865 -0.584831 -0.200250 -1.979557 -2.910752 -1.922245 -0.063852 -1.485361 -0.485754 -1.476436 0.218616 0.505922 0.763751 0.114047 -0.275518 -0.093151 0.606669 0.691935 0.477000 -0.266867 -0.063731 -0.411245 -0.177230 0.548411 0.304328 -0.287698 0.033510 -0.191539 0.178536 -0.052396 0.007496 0.211979 0.104416 -0.235534 0.173672 -0.057081 -0.048896 -0.142557 -0.032914 -0.018538 0.027453 -0.146848
-22.101358 -37.522167 -19.923679 3.594217 1.052871 4.225464 8.113333 -0.097572 -5.306986 -0.194442 1.923374 1.275958 1.368025 -0.862630 0.342300 -0.691090 2.695408 -0.510386 -0.713199 -0.576699 0.608072 0.369924 -1.045756 -0.098954 -0.282356 -0.612838 0.210140 0.545035 0.051365 -0.820422 0.659934 -0.024481 -0.143038 0.034236 0.101211 -0.236833 0.269823 -0.282192 0.229696 -0.050044 0.357782 -0.092444 0.067017 0.168478 0.002980 0.082770 -0.152518 0.051634 -0.057692 0.055717
-29.783846 2.803699 -19.409077 -3.786739 6.915252 2.319474 6.071866 -1.532620 2.993972 -2.575205 2.360964 -1.625457 -0.474860 -2.356506 1.133279 -1.113792 -1.843912 0.520189 0.435874 0.524594 -0.630099 0.641139 0.225905 -0.535696 -0.278716 -0.208870 -0.151080 0.326691 -0.503395 0.310161 -0.768418 -0.006187 0.091655 -0.038184 0.006260 0.129731 -0.037776 0.112670 -0.013401 0.245065 -0.011535 0.363009 0.077355 -0.000143 0.035847 0.010263 -0.085841 0.013056 -0.003548 0.073368
-33.368729 -50.473322 -21.560332 6.756975 -4.628800 6.095288 4.680569 -1.456435 -0.064822 -1.782798 5.029519 0.569763 2.076450 -1.675313 -1.468205 -0.581560 1.177613 -0.074865 0.469557 -0.823991 1.000652 -0.171430 -0.209019 0.011640 0.860006 0.625475 0.787745 0.062789 -0.370064 0.034292 -0.195214 -0.153852 -0.375601 -0.059925 -0.214852 0.209315 0.091333 0.063819 -0.096175 -0.102307 -0.196614 0.097036 0.081945 0.037233 0.090007 0.103817 0.181716 0.085377 0.048207 -0.040281
-47.181051 -5.538294 -17.526043 -5.526833 9.450787 0.476860 8.096424 1.485760 -0.336118 -1.393451 0.928059 -1.322398 0.185633 -1.358250 0.257382 0.495829 -0.395274 1.024103 0.352399 0.418702 0.358785 0.065041 -0.228967 -0.155742 -0.279457 -0.268429 -0.238866 0.966838 -0.240980 0.124236 0.173016 -0.137386 -0.104286 -0.091012 -0.119536 -0.287990 -0.005619 -0.185499 0.100780 0.304524 0.248982 0.151878 -0.233472 -0.192867 0.210177 -0.037503 -0.048613 -0.124093 0.150688 -0.021412
-30.010083 -25.751292 -25.743600 -2.858033 -1.880521 3.524383 7.830646 -1.051952 0.229175 -0.780575 2.276050 -0.617883 1.072506 -0.384151 0.367812 -0.768951 0.323393 0.318621 -0.193900 0.036584 0.149442 0.456545 0.005905 -0.267579 -0.035629 -0.381112 0.602689 -0.278185 -0.281189 -0.078913 0.383564 -0.010853 0.045080 0.061671 -0.154067 0.047830 0.183651 0.060740 0.144497 -0.025064 -0.079800 -0.107618 -0.084165 0.075697 0.021607 0.023986 -0.064384 -0.006241 0.006268 0.002958
-7.689010 -39.183204 -15.449155 11.639164 1.108199 -1.865111 0.287818 -3.011883 5.103942 3.470843 5.204095 3.185213 1.575963 0.833713 -4.333519 -0.521094 -1.823842 -0.232658 0.445298 1.661634 -0.409969 -0.288896 0.260419 -0.005585 0.417111 1.225281 -0.703331 0.402567 0.549444 0.383565 0.526611 -0.592111 0.257692 0.282665 -0.045579 0.104831 -0.132506 0.034574 0.068021 0.170604 0.164210 -0.013434 0.187978 -0.235216 -0.087576 0.094593 0.058566 -0.098298 -0.025940 0.095500
59.372707 -36.991341 -15.770063 11.057375 11.340177 1.642291 -2.108348 2.669431 0.534899 3.391715 -1.001147 1.063296 0.804774 -1.196711 -1.348300 0.543441 -0.347452 0.888404 1.058917 1.390365 0.133363 0.426149 -0.658122 0.661211 -0.130522 -0.923353 0.395630 -0.408899 0.425187 -0.045184 -0.119228 0.071416 -0.400441 0.029343 0.186812 -0.050349 0.048744 0.411036 0.056040 -0.022842 -0.254760 0.343804 -0.199638 0.157722 0.080239 -0.202881 0.024428 0.031770 0.009009 0.177661
79.453170 -25.925603 1.996617 13.846894 8.273450 0.635719 4.822000 -1.249037 2.900978 1.358730 -1.155244 1.097893 -0.294181 1.026438 0.124028 -0.190983 -0.871336 -0.039497 0.121034 -0.402444 -0.151490 -0.010725 0.553110 -0.749725 -0.468374 0.081845 0.135407 -0.118332 -0.153012 -0.112824 0.035235 0.078488 -0.012151 0.007920 0.116196 0.026392 0.031137 0.037896 -0.266079 -0.029814 -0.075672 0.025162 -0.059431 0.032852 -0.080247 -0.001045 -0.073427 0.030400 -0.065143 0.041696
59.574933 -18.316542 -2.478896 12.446648 14.626937 -1.960230 0.077005 5.107386 0.614961 2.801917 -3.399113 -0.164758 -2.998277 -1.214587 -1.265101 0.544709 -1.165286 -1.544839 -0.205945 0.231183 0.231192 0.548666 -0.069540 -0.589167 -0.612051 0.709556 -0.374469 0.017214 -0.230522 -0.049377 0.220718 -0.043704 -0.235996 -0.098900 0.140332 0.113942 -0.134352 0.101912 -0.239864 -0.428666 -0.001759 -0.144449 0.016040 0.010576 0.020608 0.105712 -0.016656 -0.083903 -0.129813 0.017424
-23.158922 -5.160841 -14.142322 10.684228 4.358020 2.305781 -4.125765 -3.325580 2.879832 0.821992 3.013782 -1.432608 -1.373981 -0.394535 -0.326654 -1.509992 0.327607 -0.547439 0.323530 0.284670 -0.431498 0.515692 0.060650 -1.732949 1.005503 0.368175 0.334893 -0.639451 0.495652 0.864586 -0.013138 0.300721 0.464208 -0.084970 0.418861 0.035048 -0.171963 -0.194018 0.310808 0.019328 -0.271136 -0.121330 -0.258222 0.019614 -0.094033 -0.040863 -0.043452 -0.003706 0.078154 -0.081453
58.012471 -46.174210 -4.850446 21.999561 9.507713 4.465689 5.324382 -1.343143 -5.018645 -2.964357 4.767682 6.194030 -3.162671 2.869872 -1.539024 3.287765 -0.886202 -0.291736 -1.845860 -1.468623 0.958728 -0.220100 0.614260 -1.115308 -0.726269 -0.785021 -0.169519 0.230968 0.800307 -0.047438 -0.289491 0.011049 -0.008391 0.193550 -0.182927 0.104153 0.112268 -0.123717 -0.099577 -0.091341 -0.000272 0.131355 0.114889 -0.009055 -0.027498 0.000909 0.080611 -0.145912 -0.033254 -0.017072
11.219883 5.531630 -14.516517 11.760876 8.609581 -5.399734 3.409326 -9.921826 3.607862 2.544239 -3.575164 -0.177617 -2.966121 1.771987 1.420605 0.849958 0.804115 1.357214 2.157208 0.726230 0.328466 -0.363956 -0.649848 0.058311 0.378077 0.363807 0.294926 -0.177611 0.290296 -0.358694 0.093824 0.161999 -0.242609 -0.059775 -0.213118 -0.070038 -0.087292 0.177394 -0.052888 0.129237 -0.047859 -0.117125 -0.034621 -0.071613 -0.064439 -0.159140 0.202880 -0.051122 0.008169 -0.023767
54.172143 -36.543009 -7.555178 1.141139 -2.389189 -5.321638 0.512128 -0.547538 4.541026 6.120337 3.549211 -0.879000 -0.127299 3.344082 1.921048 0.744204 -2.184629 0.473939 0.843618 0.673566 0.151800 0.429031 0.990121 0.178182 1.049807 0.100668 0.113615 0.079764 -0.260127 -0.420620 -0.214272 0.419186 -0.168712 0.265100 0.124340 0.051476 -0.010509 -0.299870 -0.211388 -0.275867 0.192616 -0.065407 -0.017136 0.275084 0.086610 -0.015959 -0.285395 0.010702 0.071561 0.024348
38.462115 7.605966 -1.575038 -6.532811 -4.921242 4.080351 7.307159 1.380759 -4.098639 4.720597 -2.056157 1.246396 -0.077563 -0.404093 -2.466998 0.047317 -0.700963 -1.200714 3.763027 1.713210 -0.648515 -0.354390 0.233173 0.374682 -1.030699 -0.078160 -0.231654 -0.152629 0.476753 -0.594965 -0.315505 -0.230625 0.703396 -0.237862 0.197934 0.509203 -0.125689 -0.282977 -0.010445 -0.124736 0.140083 0.032066 0.038784 0.198334 0.205642 -0.041231 0.159042 0.040162 0.130943 -0.188861
45.065530 7.452205 -5.442125 20.613105 10.247502 2.802784 2.922921 -9.644364 2.346909 0.372060 -1.567788 3.786246 -2.504587 -0.129225 -0.787325 0.342404 -0.658610 0.589307 1.682579 -1.271849 -0.786150 -0.147258 0.564483 -0.786838 0.118424 -0.216709 -0.456827 -0.356575 -0.154581 0.227822 0.271726 -0.289692 0.200232 -0.013028 -0.185140 -0.161757 0.206129 -0.069908 -0.051222 -0.089883 -0.118153 -0.090235 -0.100870 -0.140864 0.070873 -0.116354 -0.152336 0.283020 0.001662 0.032781
80.196812 -41.980870 -18.899093 1.647129 -14.538275 -0.037435 -1.426126 2.236254 -3.582772 3.210279 -3.451330 -0.385427 1.252272 0.832273 -0.265446 0.497452 1.213395 -0.432291 -0.863762 0.124301 0.621776 -0.179703 -0.560570 0.014201 -1.212694 0.174645 -0.271658 -0.881341 -0.073283 0.290584 -0.056833 -0.108266 -0.332142 0.076045 -0.025944 0.107753 0.349656 -0.291807 0.216621 0.211097 -0.191140 -0.081179 -0.016289 -0.128427 -0.002730 -0.201957 0.097549 0.071984 -0.129747 0.028233
85.767478 -21.828558 -17.107004 -2.341439 -8.266699 5.642822 2.519090 1.794371 -3.405644 0.678377 -2.032426 2.278464 -0.725797 0.479909 3.653409 -2.552000 1.381207 -1.813100 -0.894755 1.097869 -0.004687 0.860640 0.398043 -0.035903 0.478585 -1.019662 -0.062915 -0.525476 0.666741 0.201262 0.141420 -0.176028 0.135500 -0.225071 -0.110504 0.027817 0.052640 0.040516 -0.279278 0.044419 -0.246533 -0.018172 -0.135613 -0.212947 -0.109401 0.058964 0.018877 0.048080 0.046138 0.091965
67.777380 20.831991 -18.710341 -6.723287 -13.217851 -5.214881 -1.949441 -4.913548 0.769946 1.752455 -1.644151 -2.211390 1.652992 -0.459181 0.262796 2.452749 -3.158929 0.190697 -0.357442 -0.890927 1.244871 -0.627023 -1.328486 -0.793339 -0.256468 0.124195 -0.451387 -0.190535 0.093899 0.154400 -0.043224 -0.587146 0.092537 -0.058069 -0.298653 -0.060594 0.232614 0.067765 0.105044 -0.212074 -0.010564 -0.041525 -0.121749 0.041403 -0.068840 -0.136344 0.059040 -0.028691 -0.039226 -0.037444
78.180218 29.278478 -18.923438 -19.214650 -19.505589 -3.152576 1.757446 1.442178 2.868500 -0.690661 -1.445544 1.701955 -0.494617 0.447701 -0.454595 1.256702 0.305561 -1.274874 1.438845 -0.323740 1.026284 0.627461 -0.989367 -0.352616 -0.054320 -0.075787 0.007833 0.673613 -0.384284 -0.080198 0.882574 0.389910 0.255443 0.043235 0.113672 0.177465 -0.017519 0.182637 -0.107984 0.174883 0.086044 0.046433 -0.058819 0.246029 -0.120059 -0.043100 -0.043351 -0.027672 0.013961 0.128105
100.214292 -51.714636 -10.321699 2.194704 1.715752 -4.164296 0.097430 1.484505 1.911854 -2.339803 -1.851505 0.238235 0.483013 -1.793752 0.313141 -2.292974 -1.057627 -0.115185 0.861487 -0.512296 0.257894 -0.255360 0.686485 1.438852 -0.612267 -0.226938 -0.324776 -0.038553 -0.133236 0.533163 0.189443 -0.042258 -0.101064 0.177734 -0.225559 -0.235375 -0.253635 -0.000009 0.146349 -0.187980 -0.048233 -0.109142 -0.179264 0.108516 0.192066 0.022607 -0.027942 -0.259154 -0.068351 -0.102117
143.725081 -54.226631 -9.374915 3.824818 -8.504636 1.648316 -3.091229 5.924228 3.704457 -3.671627 -3.309180 1.945767 -1.144173 0.099226 0.753365 0.390305 1.125230 -0.505584 0.425577 -0.387025 0.665359 -0.438987 0.626134 0.612486 -0.439247 0.856195 0.048276 0.331085 0.161880 0.544069 -0.157476 0.324211 -0.317132 0.268586 0.346022 -0.264383 0.050496 -0.160301 0.039250 0.119137 -0.074830 -0.161119 -0.062605 -0.088925 0.046179 0.214564 -0.031585 0.059401 0.022543 -0.022166
79.476773 34.637223 -15.413960 -17.896054 -17.698461 -1.104084 1.942342 -4.058298 3.711589 -0.232860 0.028770 0.183942 0.890148 -0.593929 -1.871426 0.205164 -0.787980 0.089620 1.674975 -0.734195 0.240560 -0.125257 0.114242 -0.032944 -0.095870 -0.402614 -0.868976 0.108978 -0.256267 0.403861 0.294050 0.133170 0.411710 0.034966 -0.201533 -0.337086 -0.088723 -0.278370 -0.074112 -0.062381 0.160413 0.001328 -0.052897 -0.037345 -0.098348 -0.010608 0.063579 -0.053194 -0.093095 0.024757
130.450031 -4.202268 -21.005436 -1.973920 -17.400102 6.525104 -10.370439 4.865620 2.326754 -4.679377 -2.843275 0.961129 -0.169888 -2.226259 0.733355 0.191183 -1.442946 -0.225506 -0.715455 -0.139650 0.352831 -0.020841 -0.177058 0.121046 0.779386 0.673997 0.256566 -0.024518 0.488463 -0.053725 0.044200 0.062487 -0.399684 -0.131549 0.236622 -0.074669 -0.150208 0.056401 -0.135668 -0.212547 0.178979 0.066976 0.013537 0.014570 -0.092311 0.141963 0.018116 -0.015348 -0.067413 -0.119376
149.198844 11.888130 -10.446392 -16.758085 -19.953747 -5.888097 2.169908 4.216419 5.701856 0.290208 -0.970866 3.733541 -0.339532 1.620736 0.143013 0.135012 -0.327327 -2.277951 -0.336387 1.149931 -0.353131 0.455843 -0.515695 0.134941 -0.259362 -0.539741 -0.048449 -0.770959 0.228862 0.241842 -0.717259 0.273186 0.108145 0.277109 -0.006678 -0.219819 0.309894 -0.031142 0.154976 0.075748 0.051959 0.370968 0.200952 -0.080600 0.223330 0.048215 -0.051090 -0.018519 0.042485 -0.031872
63.002945 -6.900204 -20.890600 0.055407 -10.016002 0.384830 -2.548205 -2.476766 2.437743 -1.517008 -1.331529 -0.797150 0.403407 -0.619980 0.713768 0.038716 -2.039307 0.214372 1.311705 -0.357960 0.052904 0.846270 -0.330671 0.037942 0.327170 -0.467141 -0.141199 -0.067061 -0.132055 0.095012 -0.047408 0.002701 -0.064749 0.164462 0.193078 0.120486 -0.004297 0.205578 -0.140708 0.077129 0.139974 -0.032338 0.071943 0.120955 -0.179118 -0.013564 -0.009853 0.000850 0.000697 0.163067
-96.685378 -9.680812 4.943909 -6.025334 0.391761 -0.347349 -0.734965 0.183527 -1.332176 -3.126954 0.862129 -0.672429 -1.165889 1.261011 0.653697 1.395099 -1.113697 -2.301041 -0.583598 -1.326574 -0.521817 -0.274874 0.835744 0.030317 0.033090 -0.501226 -0.286449 -0.007798 0.139716 -0.289869 -0.138462 -0.142279 0.204015 0.114639 -0.113218 -0.013438 -0.184874 0.018388 0.305261 -0.027382 -0.103127 0.214803 -0.170096 0.210093 -0.222803 -0.007307 -0.159756 0.165246 0.022998 -0.041236
-108.301096 -15.745120 -3.542325 -14.042365 -2.807645 -0.103310 -1.422592 -0.670317 -0.457869 -1.984494 0.111220 -0.082563 1.930997 -0.252478 -0.239166 0.756848 -0.509297 -1.429906 -0.454926 -1.288798 -0.543990 -0.123589 0.974408 0.427308 0.407658 -0.049531 0.382306 -0.550676 -0.264746 -0.147469 0.411239 -0.013492 -0.106346 -0.325577 -0.144482 0.165572 0.107876 -0.158148 0.005267 0.062148 0.135098 0.002097 -0.095284 -0.130406 0.043383 -0.050997 0.054547 0.009898 0.116827 -0.013044
-92.691046 -7.988677 -0.398787 -5.278826 5.759861 4.955763 -8.465009 1.754869 -1.540266 -2.282085 0.301502 -0.492732 2.393036 -0.345636 0.443853 0.115611 0.022432 -1.587640 -0.498654 0.659708 -0.000227 -0.100415 0.903982 -0.380150 0.061737 -0.192194 -0.192204 -0.814818 -0.492199 0.014485 0.152179 0.222852 0.050608 -0.202399 0.187527 0.166517 0.241407 -0.107196 -0.037071 -0.021644 0.332053 0.079691 0.137043 -0.109660 -0.142582 0.071110 0.096353 -0.099723 0.019697 0.070150
-97.529366 -2.436798 5.334526 -10.012124 7.228073 -4.822556 -4.012944 0.663369 -0.639960 -2.031601 -0.610099 -1.062389 0.612287 0.199451 1.343108 -0.046481 -0.090980 -1.420853 -0.905488 1.314697 -0.154595 -0.362257 0.718638 -0.134911 -0.520773 0.436512 -0.464215 0.099471 -0.193798 0.023875 0.359117 0.102966 -0.368041 -0.140772 -0.186315 -0.219379 0.052267 -0.082124 -0.226417 -0.289606 0.037819 0.052900 0.050834 -0.045796 0.089538 -0.143540 0.000019 0.084703 0.114394 -0.030450
-85.695207 -18.157119 12.704652 1.912706 -1.415321 3.264054 -4.466455 2.058414 2.191950 -0.250631 -1.687054 -1.442294 1.519129 1.609117 -1.005504 -1.461372 -0.546513 -0.998934 0.697807 -1.008861 -0.419019 -0.079745 -0.397523 0.475689 -0.530144 -0.385426 0.438889 0.027438 -0.375478 -0.003352 0.371586 -0.343837 0.268815 0.143893 -0.135249 0.108872 -0.322563 0.077795 0.194942 -0.131477 -0.192371 0.029105 -0.008674 -0.222323 0.081286 0.073053 0.052463 -0.054445 0.027438 0.082504
-87.665058 -14.382013 12.886836 5.886708 0.284143 7.038436 -13.037637 1.981540 -1.394726 -2.850186 -0.381004 -0.658977 0.198539 -0.205327 0.990866 -2.017575 -0.021262 -0.211540 1.447104 0.291146 1.615845 -0.054767 0.251986 -0.425128 0.423232 -0.382032 -0.609026 -0.460480 -0.918734 -0.189272 -0.651030 -0.528679 0.121302 0.104616 0.060072 -0.242983 0.061714 0.039103 -0.145460 0.023403 0.088816 -0.189013 -0.010393 -0.026298 0.051705 -0.085960 0.011520 -0.106037 0.052602 0.194655
-100.022461 -15.960350 3.214207 -9.037167 -1.961486 1.428687 -1.150260 1.363810 -2.913653 -1.767249 -0.441391 -0.243612 1.340325 1.559145 0.154004 0.891868 -0.167894 -1.875322 0.149641 -0.100333 -0.542218 0.158538 0.156854 1.120065 0.254171 0.074088 -0.432252 0.002167 0.059734 -0.730730 -0.428167 -0.208655 0.084793 0.196161 -0.210568 0.160111 0.106817 0.249533 0.295321 -0.147700 -0.112215 -0.092826 -0.160662 -0.201768 -0.096702 -0.087521 -0.024417 0.022597 -0.068573 0.035808
-93.795816 -13.126304 7.498538 -2.480824 -0.684780 0.415918 -7.515776 -0.503927 -2.740920 -0.739253 -0.180150 -0.336140 -0.995845 -0.206587 1.123375 0.153655 -0.623947 -2.069328 0.279948 -0.895023 0.102542 -0.379505 0.409526 0.057052 0.343945 0.432990 -0.387155 0.017942 -0.326444 -0.313658 0.217614 -0.352113 -0.047749 -0.056968 0.028967 0.045321 -0.228967 -0.367590 -0.081676 0.091414 -0.114481 0.340894 -0.144929 0.090477 0.000751 -0.077469 0.000421 0.072574 -0.116804 -0.068869
-73.469990 -27.679546 3.661431 6.942930 -1.615187 7.062959 -13.063192 -0.806138 -2.841606 -2.808221 -0.820604 2.498172 0.586273 2.176373 0.896640 -2.131653 -0.930837 -0.391717 0.275939 0.721713 0.406113 0.311786 0.151147 0.358613 -0.001606 0.453109 0.226385 0.422226 -0.070668 0.015443 -0.145591 -0.144533 0.366443 -0.025740 -0.296859 -0.077090 -0.373664 0.009837 -0.116236 0.287082 -0.087794 0.003694 0.422122 0.203171 -0.178795 -0.237189 -0.049298 -0.054297 -0.207079 -0.091846
-101.737820 -4.216082 2.300650 -10.808863 5.934912 -6.057692 -0.139456 -1.548235 0.341518 -2.467644 0.037992 -0.219156 -0.437223 -0.659573 0.937993 1.061510 -1.505184 -1.904682 -0.491749 -0.373177 -0.533158 -0.169134 0.553751 0.628227 -0.025197 0.128964 0.137288 -0.122658 0.630120 -0.240358 0.010243 0.564747 0.015967 -0.012646 -0.194691 0.026020 0.144356 0.302246 0.158194 0.057312 0.039603 0.140667 0.043538 -0.062597 -0.078749 0.079753 0.085534 -0.146257 0.135757 0.039895
61.602688 -4.831485 1.845190 -3.409979 -3.284673 0.953226 -3.230267 -6.575511 0.662252 1.814852 1.353597 -2.816508 2.790439 2.114970 -0.325898 0.545049 4.964616 -1.471034 0.187717 -1.607123 -0.153719 0.664712 -0.192057 -0.378677 -1.372327 0.841318 0.079381 0.028948 0.540427 -0.012441 -0.483522 -0.070107 -0.444721 -0.109712 -0.021941 -0.164731 -0.233804 0.225009 -0.077480 0.039289 0.165702 0.081824 -0.032095 0.085202 -0.037728 -0.190071 -0.042987 0.014920 -0.047178 -0.020169
68.800668 83.573884 -16.967788 -15.464287 13.163070 4.237421 -5.575949 -14.727986 4.388050 -3.747983 1.917147 1.850692 -0.133143 -0.404963 -0.362371 0.474939 -0.040707 -0.353784 -0.130791 0.275169 -0.499682 -0.199505 -0.835530 0.991355 0.101241 -0.287602 -0.052741 0.390894 -0.271270 -0.083086 -0.458964 0.197545 -0.437011 0.294538 -0.377935 0.351963 0.147057 -0.337842 0.109081 -0.160486 -0.184215 -0.307112 0.037028 -0.041464 0.057993 0.075129 -0.063757 -0.091863 -0.102917 -0.017952
184.847329 -22.434641 2.208257 -12.807697 23.679438 -18.405695 -9.538757 1.987583 -3.170600 3.609965 -2.846493 -1.617725 -0.014487 -1.112454 -0.429555 1.323131 0.335179 1.499302 0.186197 -0.184221 0.069755 0.833942 0.306438 -0.460700 0.296032 -0.140030 -0.232844 0.000394 -0.160545 -0.660259 -0.112675 -0.287366 0.042680 0.187628 0.036793 -0.130404 -0.040118 -0.044111 0.005644 0.215489 0.103242 0.005517 0.077280 -0.059692 -0.009479 0.004240 0.087888 0.064360 -0.025274 -0.019996
199.297288 -27.394793 16.036935 5.194854 -4.368871 -3.082786 -5.414148 -11.203447 -4.946411 -2.507863 2.581533 -1.966039 -2.548741 -1.212365 1.283125 -1.122324 1.263287 1.586862 1.247612 -0.702904 -0.419713 0.846735 0.321038 0.697429 -0.280545 -0.244426 0.043283 -0.519530 0.330310 -0.023175 0.312770 -0.306620 0.058089 -0.426160 -0.146406 -0.018760 -0.316547 0.046933 0.138828 -0.290856 0.374169 0.230922 0.023395 -0.011940 0.019741 0.160919 -0.012029 0.096189 0.017161 0.101245
229.501459 -20.156753 4.349715 -0.054039 6.478930 6.097470 -12.901760 4.889714 3.661553 -9.211168 -4.251717 1.034321 -1.088597 -0.593338 0.655892 3.148427 1.920647 0.952635 -0.215707 -0.028586 -1.259223 -0.337911 -0.336253 -0.584203 0.739207 0.292855 0.965228 0.964775 0.164437 0.057735 0.282309 -0.437013 0.598994 0.088193 -0.002352 0.155008 0.167931 0.120391 0.141971 -0.076886 0.074300 0.098244 0.029742 -0.083155 0.153639 -0.170091 -0.075804 -0.041958 0.131331 -0.052728
364.470087 -65.245835 60.440932 6.416414 -13.776233 -14.719252 9.308282 -6.865689 -4.215382 -4.609741 2.708181 -1.361816 -1.164411 0.296646 -0.606287 0.316259 -0.350332 0.314946 -1.729282 2.232568 -0.824647 -1.274980 -0.803905 0.386425 0.990912 -0.067466 -0.523943 -0.129736 -0.788658 -0.125362 -0.104046 0.077601 -0.167827 -0.318273 0.029678 0.219182 -0.018682 0.106105 0.071524 0.187568 -0.041473 -0.057936 -0.026396 0.067660 -0.032201 -0.036800 0.036943 -0.043144 -0.015313 0.018055
93.568475 65.860766 -10.581381 -12.316644 0.242065 12.475550 -11.552297 -8.759391 -5.291978 -2.052222 -0.125637 -1.903995 -3.115006 2.563700 0.871582 -1.995168 -0.061633 -0.371435 -0.937364 0.391521 0.201321 0.366213 0.228775 -0.193864 -0.275544 0.076358 -0.730488 0.871349 0.168413 0.431199 0.026833 0.118695 -0.114378 -0.025268 0.103739 0.144296 0.183447 0.095242 -0.135497 -0.000879 -0.097406 -0.068315 -0.032588 0.201856 0.103933 0.125372 0.258962 0.182909 0.154514 0.015385
198.868010 -27.863408 7.256718 -17.855136 10.573927 -9.284825 -6.285626 6.120097 -0.060891 0.161637 0.473889 -1.256484 2.396881 0.113754 -3.153853 -0.817843 -1.006098 0.724127 -0.585138 0.455379 -0.264456 -0.012814 0.867902 -0.688944 -0.485545 -0.328581 0.298234 -0.240614 -0.313281 -0.266389 0.234264 0.536468 0.020418 0.369192 0.093566 0.116803 0.097616 -0.115376 0.073860 -0.072588 -0.231507 -0.089107 0.055111 -0.029221 -0.155397 0.091553 0.077921 0.197707 -0.038228 -0.060665
174.119668 4.126105 25.045815 -14.627014 8.298873 -0.761610 -2.730158 -1.784664 -2.947277 0.165674 2.398892 -3.931488 3.432923 -1.732345 -2.934128 -1.277701 1.118095 -0.758189 0.228325 -0.989623 0.299165 0.651382 0.416919 -0.704854 -0.515110 -0.598895 -0.204589 0.554371 0.331048 0.089765 -0.382276 0.315603 0.144230 -0.366898 -0.037447 -0.039872 -0.165694 -0.003338 -0.195595 0.208040 -0.145353 -0.076077 -0.039872 -0.080849 0.034310 -0.041012 -0.064398 -0.097692 0.013522 -0.014128
123.140642 24.429770 10.338469 -11.930856 -0.701556 -0.843764 -1.225404 -8.771477 3.247803 2.504257 2.602615 -2.165126 1.780513 -0.777034 -1.514231 -0.485332 1.417747 -0.797757 0.268734 -0.713616 -0.160668 -0.260778 0.092291 -0.006516 0.178618 0.169978 0.258389 -0.506649 0.423134 -0.278967 0.334714 0.037209 0.013480 0.519060 -0.182442 -0.251229 0.081214 0.011012 -0.251063 -0.005754 -0.160564 0.012691 -0.004301 -0.076845 -0.091928 0.061747 -0.155666 -0.149776 0.073013 -0.091419
-22.402127 65.436581 -2.093248 22.090608 -0.165680 -11.517325 3.798043 2.169753 -2.294411 -2.169197 -1.850515 1.093335 -1.018301 -1.503780 1.095622 -0.730831 3.523744 -1.199886 1.677853 2.207027 -0.029705 -0.368432 2.197298 -0.381006 -0.369244 -0.045496 -0.369803 -0.242911 0.081654 -0.101671 0.612736 0.168414 -0.237733 0.026697 -0.314159 0.225467 -0.047268 0.182172 0.255626 0.174608 -0.124399 -0.079713 0.184792 0.091196 0.118930 0.099024 -0.019029 -0.018127 -0.056627 0.044584
-11.498592 39.577441 -13.749253 34.831517 3.452830 -6.970038 -9.093439 -5.667462 -5.390469 -0.958230 -3.449895 -1.500421 5.466272 0.112072 0.729490 1.131808 0.371743 0.781372 0.572642 0.004205 0.482584 -0.866735 0.280630 -0.188969 -0.055528 -0.027498 0.923218 -0.024525 -0.128269 0.063182 -0.482534 -0.253950 0.327336 -0.244462 0.122555 0.201898 0.453589 -0.208801 0.033043 -0.022630 -0.027174 0.070404 0.052915 0.026953 0.006566 0.263834 -0.060539 -0.102264 -0.043637 0.055185
1.443422 38.330142 -15.970919 19.272940 -5.827138 -10.146291 -3.594081 -2.947322 -8.971204 1.672205 -0.747632 0.200534 2.134090 0.042039 -1.731551 0.604602 -2.282673 -1.157666 -3.021396 0.493448 0.440195 -0.126076 -0.262524 0.809213 0.424741 0.394446 0.786480 -0.233711 0.283402 -0.060541 0.038523 -0.093942 0.258007 0.134843 -0.039074 -0.352251 -0.397151 -0.141303 -0.159871 0.232141 0.025832 -0.194882 -0.171891 0.072991 0.297176 -0.066049 0.030182 0.179161 0.116671 0.111400
-2.216453 67.616290 2.349418 14.914500 -11.489633 -7.804774 3.549648 4.137281 -0.387088 -1.722741 -0.414805 -0.881523 3.622794 -0.829274 1.371968 0.978254 -1.789433 -0.606956 1.401191 1.350245 0.060915 -0.012968 -0.424409 -0.531697 0.215797 -0.534763 0.164487 0.492355 -0.039161 -0.147012 0.253382 0.115370 -0.344859 -0.126351 0.057011 0.136726 -0.284078 0.194611 -0.125260 -0.160038 -0.207799 0.081261 -0.021531 -0.281097 -0.023345 -0.074003 -0.114326 0.086593 -0.077729 -0.159740
-3.208791 25.957066 1.383468 19.487909 -11.002407 -9.108362 1.582003 4.815744 -2.554184 -0.898698 1.924126 0.089935 5.740677 2.163824 1.989668 -0.814389 0.300366 2.345796 0.542091 -1.816210 -0.810712 -0.159289 -0.160979 -0.039419 0.348104 -0.343257 -0.703833 0.483425 0.483406 -0.127973 0.186083 0.066207 -0.065188 0.147739 0.054397 -0.146400 0.024582 -0.112519 -0.256311 0.174908 -0.075670 0.126723 0.176696 -0.010293 -0.002324 0.138979 0.074992 0.073254 -0.004770 -0.014931
-37.002443 37.826567 -7.848453 20.549799 1.796780 -11.964464 3.849348 1.537887 5.594289 -2.258395 0.483999 -3.186798 -1.735228 1.560028 -2.838188 -1.825901 1.003986 -1.265823 -2.265483 1.920553 0.637050 0.545786 0.422730 0.511635 -0.687502 0.118730 0.978475 1.031412 -0.403201 -0.079257 -0.108127 -0.038559 0.360890 0.287333 -0.105503 -0.390139 0.052927 0.040025 0.115188 -0.143911 0.025767 0.136476 -0.138895 0.128945 -0.150834 -0.030870 0.099905 0.041476 -0.090296 0.039157
-17.943203 52.975396 -1.589731 16.279438 -7.977478 -9.684430 3.384165 2.772495 -0.268467 -2.398632 2.105816 -0.929976 0.381932 -1.352066 0.318077 0.265156 -2.405184 1.484706 -1.114443 -0.037951 -0.104544 -0.094156 0.484293 -0.512381 -1.190372 0.110144 0.423532 -0.698307 0.240075 0.213313 -0.287016 -0.126455 -0.267313 0.072079 -0.101186 0.007662 -0.205226 0.029598 0.068188 -0.124689 0.318168 -0.049750 0.101649 -0.016534 -0.163486 -0.110225 -0.001992 -0.053357 0.271153 -0.011884
7.372053 48.122738 4.290492 19.723288 -10.785465 -1.282088 0.762770 3.870058 -12.928972 0.965885 1.753655 2.828170 -1.821260 -1.224166 0.235365 0.745124 -0.695696 0.149905 -0.999643 -1.318472 -0.453000 0.453881 -0.725297 -0.131975 -0.627665 0.685163 -0.498089 -0.122291 -0.595669 -0.111270 0.063684 0.307870 0.173927 -0.240217 0.236272 0.144633 0.113399 0.322750 -0.071206 -0.121760 -0.123246 -0.038932 -0.052740 -0.028850 0.026945 -0.004868 -0.080939 -0.168427 -0.055892 -0.020267
-4.468290 38.930654 -6.853287 18.155960 -4.560085 -1.516950 2.645827 5.643849 3.782740 -2.401356 2.130594 4.514120 -1.094521 -0.250220 -3.015540 0.145120 3.355562 1.260049 1.170082 -0.970851 -1.516844 0.408861 0.570776 1.889403 0.529085 0.029723 -0.089883 -0.336695 -0.510258 0.081446 -0.417680 0.180913 0.165860 -0.222099 -0.008747 -0.300063 0.087673 -0.025999 -0.327751 -0.009860 0.080362 -0.034962 -0.147544 -0.050641 -0.168294 -0.121474 0.067882 0.004616 0.031932 -0.003644
-15.495800 32.074732 -3.035336 25.010177 -3.181156 -12.026884 -4.858722 10.523566 0.166904 1.479933 1.687429 -2.771558 -1.966791 -0.005214 0.445330 -0.737217 0.925855 -0.484492 0.052967 -1.973817 -0.423180 1.498848 -0.060765 -0.041617 1.523060 -0.417642 -0.909614 0.293092 0.239763 0.084375 -0.116033 -0.005434 -0.216848 0.250652 0.073788 0.262542 0.094154 -0.232791 0.507450 -0.023125 0.055937 -0.111234 -0.054217 0.061528 0.062686 -0.125093 0.045012 -0.031742 -0.027162 -0.090545
