-86.446924 -8.817478 3.649405 -2.453019 -0.533088 3.503986 -3.424625 -0.798992 1.501861 2.651772
-97.633038 -8.570591 17.218658 -1.153034 -4.060559 1.310986 -0.250825 -2.381290 5.927690 0.929712
-102.796425 -12.532583 11.568332 -3.874036 -4.241444 1.265613 -1.352708 -1.608039 6.166235 0.799852
-69.577393 -7.577046 24.935935 7.713976 -7.082740 0.731791 7.027346 -6.612897 3.677233 1.604344
-108.247135 -9.835632 -4.790178 -12.983747 -13.668561 -4.155859 0.434968 -6.575270 0.472306 -0.070457
-79.170408 -9.770445 21.106609 3.528221 -3.226561 5.756323 3.269887 -3.848757 0.457097 3.003562
-87.887664 -6.074512 13.628565 0.709233 -5.056063 4.896024 3.213449 -6.713793 -0.677080 0.031992
-74.028806 -6.792466 37.210727 16.390255 0.487716 7.366443 5.744766 -3.161186 5.998574 -1.293760
-92.270045 -9.350317 10.412882 -6.062719 -2.540086 0.867996 -0.038976 -0.714267 2.641667 1.524849
-93.553450 -6.401123 5.113448 -4.973640 -4.119951 -0.652523 -1.913301 -3.522837 4.106182 1.448366
-119.749950 -10.404389 25.960724 -5.150629 -7.938252 -3.607430 -0.251322 2.195621 -1.454330 2.071418
-89.341062 -3.065190 6.208925 -3.443986 1.284987 -0.999240 -7.101902 -1.487106 -2.629844 2.038949
-98.194870 -12.349953 22.706488 1.047661 -2.029803 -0.052020 -4.906658 1.908162 4.094128 1.432183
-131.893941 -0.668349 12.430624 -24.666009 -12.978487 -13.877136 8.022376 -2.882783 -1.926498 -1.362247
-96.623355 -16.326730 30.676195 2.240931 -2.007583 1.348613 -3.251736 4.096598 -6.033261 2.957632
-103.816475 -1.032219 17.221204 -4.689694 -2.112954 -6.830652 -3.694660 -1.319455 -0.358806 2.222713
-112.472736 -12.893168 24.475054 -1.394041 -5.992963 0.466555 -4.267175 4.328548 -1.383531 1.943274
-113.295292 -10.800704 2.872440 -7.126265 -0.584212 -5.042295 -8.092963 1.278211 -3.186002 2.456240
-105.964917 -4.162896 7.273831 -3.578188 2.558048 -9.228524 -5.863495 -1.169427 1.084596 0.282376
-112.704849 -0.234604 13.390091 0.260085 3.566509 -5.178132 -9.129039 -0.886677 8.122312 -0.522855
0.468119 21.372817 -18.263880 -8.341898 6.252106 -5.618323 3.675087 -3.321412 3.537390 -0.333520
-18.516405 12.287819 31.389297 -11.272015 5.472457 2.198726 -1.936453 6.967318 -1.322716 -0.477641
-21.568464 18.394773 -7.753840 -17.826313 11.267106 -3.266503 0.722052 1.077295 -3.180680 1.144867
-54.885080 14.257405 -12.609492 -3.347314 11.141384 6.009064 2.496019 -0.883547 -1.357505 -1.679736
-58.544790 -24.362913 -16.278056 2.753294 8.395446 3.709722 3.683839 7.506990 -0.537261 -0.205793
-58.375529 -14.530660 -17.780913 -2.050344 9.144780 0.951703 1.824590 2.679994 -6.626373 -0.630292
-90.107666 -6.657269 -14.701224 -9.601504 7.384173 -7.470147 4.986978 -0.367099 -1.452141 0.630322
3.548880 -10.303232 -19.492642 -1.588568 14.369646 4.281115 2.272612 1.913508 -1.217625 -4.982168
-79.537293 -5.144202 -15.266705 -13.696698 1.951338 -4.656337 5.270551 1.072141 -2.665616 0.603842
-39.273698 59.498480 32.455212 -20.441441 14.153816 -3.736838 8.261133 3.730235 -0.876063 -9.277932
101.477271 20.035592 17.677575 3.717964 0.153308 20.038863 11.367757 -3.069815 3.073066 4.341510
60.628848 33.557476 22.667719 9.012034 0.765118 12.557364 6.645477 1.196703 5.841069 2.048527
114.259041 2.007719 -2.929312 -3.464677 25.736606 -14.068162 4.324619 6.788560 7.811860 6.484608
88.891244 44.314883 -14.257206 -6.516491 -2.225136 23.031663 -8.956097 1.706192 -8.350719 5.931447
43.072694 -11.703743 31.607911 17.464729 7.507833 12.599518 2.473881 0.722467 2.880900 -3.596027
39.385943 25.608494 -11.161419 -1.411441 -15.548336 11.161088 -3.487640 15.085842 13.594409 -0.644966
47.638960 23.832448 31.121896 -14.190210 4.155460 11.913679 16.549164 7.375025 -9.924280 -2.950317
151.896517 16.051027 15.519540 -7.611237 -6.838302 4.031333 -0.986777 4.207815 -5.098127 10.019898
17.244527 43.813162 18.245100 19.430294 12.171511 10.841471 -3.618940 -1.670693 3.518028 3.396551
91.557451 59.160537 -3.519655 -19.064195 11.311886 0.687025 5.757970 5.253560 1.612366 2.815368
-38.723158 -14.544436 -17.538387 -0.748188 -0.013233 7.462370 2.362428 1.371250 -1.059694 -0.055210
-42.089241 4.059920 -20.487088 -6.158922 5.655296 3.963840 3.130357 -0.002755 -1.955296 -0.221179
-45.102279 -25.696943 -22.851656 2.731338 -2.807451 4.170941 4.243402 2.013327 -3.530599 -0.169790
-37.025216 -40.735993 -22.476013 0.009315 -4.440116 2.129945 8.450234 -0.093091 0.681764 -1.598901
-45.884598 -26.047496 -27.007636 1.702157 -0.805643 -0.959753 5.120918 -5.002516 -4.117865 -0.584831
-22.101358 -37.522167 -19.923679 3.594217 1.052871 4.225464 8.113333 -0.097572 -5.306986 -0.194442
-29.783846 2.803699 -19.409077 -3.786739 6.915252 2.319474 6.071866 -1.532620 2.993972 -2.575205
-33.368729 -50.473322 -21.560332 6.756975 -4.628800 6.095288 4.680569 -1.456435 -0.064822 -1.782798
-47.181051 -5.538294 -17.526043 -5.526833 9.450787 0.476860 8.096424 1.485760 -0.336118 -1.393451
-30.010083 -25.751292 -25.743600 -2.858033 -1.880521 3.524383 7.830646 -1.051952 0.229175 -0.780575
-7.689010 -39.183204 -15.449155 11.639164 1.108199 -1.865111 0.287818 -3.011883 5.103942 3.470843
59.372707 -36.991341 -15.770063 11.057375 11.340177 1.642291 -2.108348 2.669431 0.534899 3.391715
79.453170 -25.925603 1.996617 13.846894 8.273450 0.635719 4.822000 -1.249037 2.900978 1.358730
59.574933 -18.316542 -2.478896 12.446648 14.626937 -1.960230 0.077005 5.107386 0.614961 2.801917
-23.158922 -5.160841 -14.142322 10.684228 4.358020 2.305781 -4.125765 -3.325580 2.879832 0.821992
58.012471 -46.174210 -4.850446 21.999561 9.507713 4.465689 5.324382 -1.343143 -5.018645 -2.964357
11.219883 5.531630 -14.516517 11.760876 8.609581 -5.399734 3.409326 -9.921826 3.607862 2.544239
54.172143 -36.543009 -7.555178 1.141139 -2.389189 -5.321638 0.512128 -0.547538 4.541026 6.120337
38.462115 7.605966 -1.575038 -6.532811 -4.921242 4.080351 7.307159 1.380759 -4.098639 4.720597
45.065530 7.452205 -5.442125 20.613105 10.247502 2.802784 2.922921 -9.644364 2.346909 0.372060
80.196812 -41.980870 -18.899093 1.647129 -14.538275 -0.037435 -1.426126 2.236254 -3.582772 3.210279
85.767478 -21.828558 -17.107004 -2.341439 -8.266699 5.642822 2.519090 1.794371 -3.405644 0.678377
67.777380 20.831991 -18.710341 -6.723287 -13.217851 -5.214881 -1.949441 -4.913548 0.769946 1.752455
78.180218 29.278478 -18.923438 -19.214650 -19.505589 -3.152576 1.757446 1.442178 2.868500 -0.690661
100.214292 -51.714636 -10.321699 2.194704 1.715752 -4.164296 0.097430 1.484505 1.911854 -2.339803
143.725081 -54.226631 -9.374915 3.824818 -8.504636 1.648316 -3.091229 5.924228 3.704457 -3.671627
79.476773 34.637223 -15.413960 -17.896054 -17.698461 -1.104084 1.942342 -4.058298 3.711589 -0.232860
130.450031 -4.202268 -21.005436 -1.973920 -17.400102 6.525104 -10.370439 4.865620 2.326754 -4.679377
149.198844 11.888130 -10.446392 -16.758085 -19.953747 -5.888097 2.169908 4.216419 5.701856 0.290208
63.002945 -6.900204 -20.890600 0.055407 -10.016002 0.384830 -2.548205 -2.476766 2.437743 -1.517008
-96.685378 -9.680812 4.943909 -6.025334 0.391761 -0.347349 -0.734965 0.183527 -1.332176 -3.126954
-108.301096 -15.745120 -3.542325 -14.042365 -2.807645 -0.103310 -1.422592 -0.670317 -0.457869 -1.984494
-92.691046 -7.988677 -0.398787 -5.278826 5.759861 4.955763 -8.465009 1.754869 -1.540266 -2.282085
-97.529366 -2.436798 5.334526 -10.012124 7.228073 -4.822556 -4.012944 0.663369 -0.639960 -2.031601
-85.695207 -18.157119 12.704652 1.912706 -1.415321 3.264054 -4.466455 2.058414 2.191950 -0.250631
-87.665058 -14.382013 12.886836 5.886708 0.284143 7.038436 -13.037637 1.981540 -1.394726 -2.850186
-100.022461 -15.960350 3.214207 -9.037167 -1.961486 1.428687 -1.150260 1.363810 -2.913653 -1.767249
-93.795816 -13.126304 7.498538 -2.480824 -0.684780 0.415918 -7.515776 -0.503927 -2.740920 -0.739253
-73.469990 -27.679546 3.661431 6.942930 -1.615187 7.062959 -13.063192 -0.806138 -2.841606 -2.808221
-101.737820 -4.216082 2.300650 -10.808863 5.934912 -6.057692 -0.139456 -1.548235 0.341518 -2.467644
61.602688 -4.831485 1.845190 -3.409979 -3.284673 0.953226 -3.230267 -6.575511 0.662252 1.814852
68.800668 83.573884 -16.967788 -15.464287 13.163070 4.237421 -5.575949 -14.727986 4.388050 -3.747983
184.847329 -22.434641 2.208257 -12.807697 23.679438 -18.405695 -9.538757 1.987583 -3.170600 3.609965
199.297288 -27.394793 16.036935 5.194854 -4.368871 -3.082786 -5.414148 -11.203447 -4.946411 -2.507863
229.501459 -20.156753 4.349715 -0.054039 6.478930 6.097470 -12.901760 4.889714 3.661553 -9.211168
364.470087 -65.245835 60.440932 6.416414 -13.776233 -14.719252 9.308282 -6.865689 -4.215382 -4.609741
93.568475 65.860766 -10.581381 -12.316644 0.242065 12.475550 -11.552297 -8.759391 -5.291978 -2.052222
198.868010 -27.863408 7.256718 -17.855136 10.573927 -9.284825 -6.285626 6.120097 -0.060891 0.161637
174.119668 4.126105 25.045815 -14.627014 8.298873 -0.761610 -2.730158 -1.784664 -2.947277 0.165674
123.140642 24.429770 10.338469 -11.930856 -0.701556 -0.843764 -1.225404 -8.771477 3.247803 2.504257
-22.402127 65.436581 -2.093248 22.090608 -0.165680 -11.517325 3.798043 2.169753 -2.294411 -2.169197
-11.498592 39.577441 -13.749253 34.831517 3.452830 -6.970038 -9.093439 -5.667462 -5.390469 -0.958230
1.443422 38.330142 -15.970919 19.272940 -5.827138 -10.146291 -3.594081 -2.947322 -8.971204 1.672205
-2.216453 67.616290 2.349418 14.914500 -11.489633 -7.804774 3.549648 4.137281 -0.387088 -1.722741
-3.208791 25.957066 1.383468 19.487909 -11.002407 -9.108362 1.582003 4.815744 -2.554184 -0.898698
-37.002443 37.826567 -7.848453 20.549799 1.796780 -11.964464 3.849348 1.537887 5.594289 -2.258395
-17.943203 52.975396 -1.589731 16.279438 -7.977478 -9.684430 3.384165 2.772495 -0.268467 -2.398632
7.372053 48.122738 4.290492 19.723288 -10.785465 -1.282088 0.762770 3.870058 -12.928972 0.965885
-4.468290 38.930654 -6.853287 18.155960 -4.560085 -1.516950 2.645827 5.643849 3.782740 -2.401356
-15.495800 32.074732 -3.035336 25.010177 -3.181156 -12.026884 -4.858722 10.523566 0.166904 1.479933
